7 15
0 0 10 0 0 0 0 6 0 0 5 9 3 0 0 
9 0 0 7 2 0 7 0 0 0 0 10 2 0 0 
5 0 0 0 1 0 2 0 2 0 0 0 0 0 2 
8 2 2 6 4 8 0 4 0 6 2 0 0 1 0 
8 10 8 0 10 2 0 4 0 10 8 0 2 0 0 
0 0 5 9 0 2 3 0 6 8 0 0 4 4 5 
10 0 9 0 0 0 0 0 10 3 6 8 5 2 0 
0 586 571 722 427 915 270 1089 503 330 677 773 732 1152 1346 660 
586 0 202 554 583 961 391 636 649 290 98 760 151 825 970 457 
571 202 0 353 428 762 315 530 481 241 208 560 248 664 831 256 
722 554 353 0 350 430 467 485 333 471 541 234 562 440 643 97 
427 583 428 350 0 495 256 810 84 334 628 346 674 788 992 331 
915 961 762 430 495 0 739 830 414 793 962 202 989 634 817 516 
270 391 315 467 256 739 0 821 340 102 464 565 518 887 1078 396 
1089 636 530 485 810 830 821 0 811 767 552 678 525 293 354 479 
503 649 481 333 84 414 340 811 0 414 686 279 729 758 964 338 
330 290 241 471 334 793 102 767 414 0 366 607 421 864 1047 385 
677 98 208 541 628 962 464 552 686 366 0 761 56 762 895 448 
773 760 560 234 346 202 565 678 279 607 761 0 788 539 741 315 
732 151 248 562 674 989 518 525 729 421 56 788 0 750 872 473 
1152 825 664 440 788 634 887 293 758 864 762 539 750 0 206 493 
1346 970 831 643 992 817 1078 354 964 1047 895 741 872 206 0 688 
660 457 256 97 331 516 396 479 338 385 448 315 473 493 688 0 
25 6 2 10 26 29 31 
