8 18
0 1 5 0 0 9 0 0 2 3 10 0 0 5 0 0 0 5 
6 0 0 0 5 0 0 2 8 0 0 0 0 0 0 0 7 4 
0 5 6 1 0 0 10 0 2 0 3 9 0 0 8 0 0 0 
0 4 2 0 5 5 0 7 6 7 3 0 0 1 0 7 0 3 
3 0 0 7 8 0 0 6 0 0 3 8 0 2 6 0 4 0 
0 8 0 10 2 0 3 9 0 9 0 6 5 5 0 0 0 5 
0 3 0 0 1 2 2 1 9 0 4 0 0 0 1 4 4 6 
0 0 5 0 8 0 1 6 6 8 9 8 8 0 4 4 0 6 
0 1124 1048 896 551 1099 310 498 826 1129 716 897 891 1254 1222 680 569 902 743 
1124 0 491 358 631 58 823 658 354 150 448 258 262 140 103 662 567 653 518 
1048 491 0 227 505 433 752 566 634 353 393 570 567 596 507 904 533 221 779 
896 358 227 0 348 305 588 399 411 274 189 357 352 491 417 677 340 308 552 
551 631 505 348 0 592 248 64 451 600 184 472 465 770 717 552 107 403 492 
1099 58 433 305 592 0 795 623 359 101 409 263 266 187 125 672 536 596 527 
310 823 752 588 248 795 0 190 554 821 406 612 606 956 919 508 260 631 515 
498 658 566 399 64 623 190 0 443 640 221 478 471 795 749 509 96 467 462 
826 354 634 411 451 359 554 443 0 440 329 96 94 456 456 313 349 691 168 
1129 150 353 274 600 101 821 640 440 0 419 347 348 243 156 753 560 537 609 
716 448 393 189 184 409 406 221 329 419 0 321 314 588 534 531 152 378 427 
897 258 570 357 472 263 612 478 96 347 321 0 7 367 361 408 381 654 263 
891 262 567 352 465 266 606 471 94 348 314 7 0 372 365 406 374 649 261 
1254 140 596 491 770 187 956 795 456 243 588 367 372 0 91 749 703 776 608 
1222 103 507 417 717 125 919 749 456 156 534 361 365 91 0 762 661 693 618 
680 662 904 677 552 672 508 509 313 753 531 408 406 749 762 0 452 906 145 
569 567 533 340 107 536 260 96 349 560 152 381 374 703 661 452 0 472 385 
902 653 221 308 403 596 631 467 691 537 378 654 649 776 693 906 472 0 805 
743 518 779 552 492 527 515 462 168 609 427 263 261 608 618 145 385 805 0 
18 15 34 10 14 10 9 3 
