5 9
6 7 10 0 0 0 0 0 0 
0 1 0 8 1 0 3 0 0 
5 2 9 0 0 0 1 0 0 
0 0 0 3 0 6 2 0 1 
2 5 3 8 6 4 8 10 9 
0 1136 561 1273 876 983 609 1061 927 741 
1136 0 578 260 438 756 557 521 262 493 
561 578 0 716 439 625 183 582 369 317 
1273 260 716 0 688 655 751 397 347 721 
876 438 439 688 0 953 285 799 457 138 
983 756 625 655 953 0 790 258 532 881 
609 557 183 751 285 790 0 709 423 149 
1061 521 582 397 799 258 709 0 343 759 
927 262 369 347 457 532 423 343 0 434 
741 493 317 721 138 881 149 759 434 0 
2 3 12 8 17 
