7 47
6 7 0 0 0 0 8 2 0 0 7 1 0 0 0 0 1 2 0 0 0 6 0 4 0 7 0 0 2 4 0 7 7 0 0 3 1 0 0 0 1 8 0 0 5 9 4 
3 6 2 0 2 4 0 0 0 5 0 0 0 8 4 2 0 0 9 3 0 3 0 0 2 0 0 6 0 0 0 5 0 0 0 3 4 3 0 7 4 8 5 0 1 0 0 
0 0 0 0 6 0 5 6 0 0 0 1 0 7 0 0 0 0 8 0 1 0 7 0 4 0 6 6 0 0 0 9 8 0 8 7 0 0 10 10 7 0 1 1 9 0 3 
0 0 3 2 1 6 7 0 5 8 10 9 1 4 8 9 0 0 0 4 0 3 3 0 9 0 0 0 0 0 0 0 6 9 0 9 0 0 8 2 4 0 8 0 1 5 6 
0 2 0 0 0 0 0 4 0 0 0 0 4 2 0 0 7 8 0 0 0 0 0 6 0 5 2 2 0 0 10 1 4 0 1 6 0 0 0 4 0 0 0 0 1 0 8 
8 1 7 4 6 0 3 1 6 10 9 2 6 0 0 0 7 0 6 0 1 0 0 8 4 0 9 0 0 0 0 8 0 0 0 0 0 0 0 1 0 0 1 3 10 9 2 
0 9 0 6 0 0 0 0 0 5 0 0 0 0 0 0 0 0 0 0 10 0 0 0 0 0 0 8 0 1 4 1 0 5 6 3 0 10 3 1 0 5 0 0 4 0 8 
0 836 799 950 1184 233 1077 1098 1066 970 486 875 941 851 672 675 849 630 363 602 741 641 590 889 914 973 351 1008 963 895 928 658 576 484 1315 560 257 1081 840 447 340 828 437 916 749 921 499 1356 
836 0 38 230 537 608 608 577 811 403 640 759 333 573 233 868 937 431 520 525 835 641 333 570 195 234 486 788 664 279 845 225 836 375 864 277 745 937 35 539 637 802 777 99 279 766 593 873 
799 38 0 242 550 570 607 579 800 404 607 739 334 556 201 838 912 402 483 495 808 612 299 556 204 250 448 775 652 277 825 191 803 337 866 239 708 922 57 503 600 779 742 134 258 748 559 878 
950 230 242 0 308 718 396 357 630 194 633 625 127 429 278 804 832 397 596 486 748 577 367 412 40 26 609 619 491 101 705 294 798 466 640 417 801 770 261 564 682 687 779 275 222 618 586 646 
1184 537 550 308 0 960 231 170 498 214 777 593 250 433 540 856 819 562 820 622 776 665 598 394 347 304 867 518 413 306 650 563 886 717 378 700 990 651 567 751 872 678 915 566 440 563 737 366 
233 608 570 718 960 0 872 886 899 748 343 724 714 661 440 594 753 421 147 415 634 486 363 695 682 741 123 844 779 666 790 426 504 252 1122 331 214 940 613 259 199 695 369 691 522 765 336 1158 
1077 608 607 396 231 872 0 62 270 206 623 370 276 244 515 651 595 451 725 480 564 488 534 202 420 407 802 286 188 330 421 543 695 657 267 680 855 422 643 631 745 458 748 669 403 336 593 292 
1098 577 579 357 170 886 62 0 331 176 656 428 245 285 507 702 653 468 740 507 617 528 538 244 384 365 809 348 246 303 481 534 741 661 287 673 884 484 611 653 770 514 786 631 396 395 623 301 
1066 811 800 630 498 899 270 331 0 439 581 202 503 262 655 493 380 509 756 485 398 425 631 248 644 646 863 60 149 543 199 682 568 739 305 801 817 153 846 639 728 280 665 888 553 152 570 361 
970 403 404 194 214 748 206 176 439 0 571 459 71 269 341 683 679 349 607 415 613 473 388 241 215 208 659 432 306 127 533 366 699 509 463 505 778 582 438 538 660 532 713 464 234 444 529 477 
486 640 607 633 777 343 623 656 581 571 0 391 569 382 409 271 415 237 231 156 294 155 307 424 610 659 359 523 485 545 450 416 205 316 840 434 238 602 663 122 151 353 146 740 412 436 48 885 
875 759 739 625 593 724 370 428 202 459 391 0 506 196 562 298 226 378 589 325 204 238 510 218 626 647 706 142 183 526 86 586 367 600 498 683 622 218 792 467 542 89 465 849 481 50 388 551 
941 333 334 127 250 714 276 245 503 71 569 506 0 311 290 708 720 337 578 414 645 489 352 290 145 145 618 493 365 60 584 314 714 469 532 452 763 643 367 522 644 573 714 394 193 496 525 544 
851 573 556 429 433 661 244 285 262 269 382 196 311 0 396 424 410 251 515 250 347 244 369 42 430 451 611 224 121 330 278 422 456 481 464 539 618 367 606 407 513 263 504 659 300 194 356 506 
672 233 201 278 540 440 515 507 655 341 409 562 290 396 0 638 719 204 321 295 611 414 104 408 242 301 334 620 508 235 648 27 603 188 782 165 536 760 258 313 421 592 548 332 113 579 361 806 
675 868 838 804 856 594 651 702 493 683 271 298 708 424 638 0 175 436 500 343 95 229 547 462 791 830 627 435 469 705 303 652 100 582 795 696 423 445 895 392 396 213 239 966 604 346 306 848 
849 937 912 832 819 753 595 653 380 679 415 226 720 410 719 175 0 517 645 434 122 314 643 439 828 856 772 331 407 731 182 738 274 703 685 808 595 293 968 527 555 147 412 1033 660 259 438 740 
630 431 402 397 562 421 451 468 509 349 237 378 337 251 204 436 517 0 274 95 407 210 132 280 375 423 361 463 373 309 461 222 411 231 702 306 429 589 459 190 311 395 383 530 178 403 190 738 
363 520 483 596 820 147 725 740 756 607 231 589 578 515 321 500 645 274 0 272 523 355 230 548 562 620 128 703 634 534 660 312 423 145 974 259 226 806 533 122 131 569 309 613 387 627 209 1011 
602 525 495 486 622 415 480 507 485 415 156 325 414 250 295 343 434 95 272 0 320 121 210 287 466 512 382 432 365 394 403 310 317 278 714 375 376 542 552 158 265 324 300 624 270 359 116 754 
741 835 808 748 776 634 564 617 398 613 294 204 645 347 611 95 122 407 523 320 0 199 530 383 740 773 651 340 379 648 210 628 180 584 700 690 485 356 864 406 436 119 306 932 562 251 316 754 
641 641 612 577 665 486 488 528 425 473 155 238 489 244 414 229 314 210 355 121 199 0 331 286 563 603 477 367 335 480 305 430 226 392 690 494 392 454 669 233 304 215 261 739 375 282 150 737 
590 333 299 367 598 363 534 538 631 388 307 510 352 369 104 547 643 132 230 210 530 331 0 391 335 392 272 588 489 305 593 109 506 123 797 174 436 719 356 209 319 526 445 432 159 533 260 826 
889 570 556 412 394 695 202 244 248 241 424 218 290 42 408 462 439 280 548 287 383 286 391 0 417 433 641 218 100 315 294 434 497 506 427 557 658 367 605 443 552 292 546 653 306 206 396 467 
914 195 204 40 347 682 420 384 644 215 610 626 145 430 242 791 828 375 562 466 740 563 335 417 0 59 572 629 502 102 708 257 781 430 670 378 770 780 228 536 652 684 756 250 197 623 562 678 
973 234 250 26 304 741 407 365 646 208 659 647 145 451 301 830 856 423 620 512 773 603 392 433 59 0 631 637 510 125 727 316 825 489 646 436 826 788 264 590 707 710 805 269 248 639 612 649 
351 486 448 609 867 123 802 809 863 659 359 706 618 611 334 627 772 361 128 382 651 477 272 641 572 631 0 813 732 566 780 316 548 150 1061 209 308 923 491 246 246 692 428 568 427 741 335 1093 
1008 788 775 619 518 844 286 348 60 432 523 142 493 224 620 435 331 463 703 432 340 367 588 218 629 637 813 0 127 527 149 646 508 693 361 760 758 151 823 585 671 222 605 869 522 92 513 415 
963 664 652 491 413 779 188 246 149 306 485 183 365 121 508 469 407 373 634 365 379 335 489 100 502 510 732 127 0 400 238 534 522 602 355 657 723 278 699 523 623 270 593 744 405 150 465 402 
895 279 277 101 306 666 330 303 543 127 545 526 60 330 235 705 731 309 534 394 648 480 305 315 102 125 566 527 400 0 607 257 703 418 589 394 727 678 313 487 608 586 691 347 147 521 499 603 
928 845 825 705 650 790 421 481 199 533 450 86 584 278 648 303 182 461 660 403 210 305 593 294 708 727 780 149 238 607 0 671 388 680 505 767 671 153 878 537 601 100 503 934 567 90 454 560 
658 225 191 294 563 426 543 534 682 366 416 586 314 422 27 652 738 222 312 310 628 430 109 434 257 316 316 646 534 257 671 0 614 174 810 139 531 785 247 315 418 613 553 324 140 603 368 833 
576 836 803 798 886 504 695 741 568 699 205 367 714 456 603 100 274 411 423 317 180 226 506 497 781 825 548 508 522 703 388 614 0 521 863 639 325 536 860 326 308 291 141 935 587 416 249 915 
484 375 337 466 717 252 657 661 739 509 316 600 469 481 188 582 703 231 145 278 584 392 123 506 430 489 150 693 602 418 680 174 521 0 919 121 371 815 388 195 267 602 429 468 277 630 277 949 
1315 864 866 640 378 1122 267 287 305 463 840 498 532 464 782 795 685 702 974 714 700 690 797 427 670 646 1061 361 355 589 505 810 863 919 0 946 1078 418 897 870 976 582 946 914 670 450 818 56 
560 277 239 417 700 331 680 673 801 505 434 683 452 539 165 696 808 306 259 375 690 494 174 557 378 436 209 760 657 394 767 139 639 121 946 0 483 893 283 315 386 697 550 361 277 708 392 971 
257 745 708 801 990 214 855 884 817 778 238 622 763 618 536 423 595 429 226 376 485 392 436 658 770 826 308 758 723 727 671 531 325 371 1078 483 0 825 759 241 120 571 184 838 582 669 263 1123 
1081 937 922 770 651 940 422 484 153 582 602 218 643 367 760 445 293 589 806 542 356 454 719 367 780 788 923 151 278 678 153 785 536 815 418 893 825 0 971 684 754 254 655 1019 667 185 604 474 
840 35 57 261 567 613 643 611 846 438 663 792 367 606 258 895 968 459 533 552 864 669 356 605 228 264 491 823 699 313 878 247 860 388 897 283 759 971 0 558 653 834 798 80 311 800 616 906 
447 539 503 564 751 259 631 653 639 538 122 467 522 407 313 392 527 190 122 158 406 233 209 443 536 590 246 585 523 487 537 315 326 195 870 315 241 684 558 0 121 447 240 637 344 507 89 910 
340 637 600 682 872 199 745 770 728 660 151 542 644 513 421 396 555 311 131 265 436 304 319 552 652 707 246 671 623 608 601 418 308 267 976 386 120 754 653 121 0 504 182 732 463 586 159 1018 
828 802 779 687 678 695 458 514 280 532 353 89 573 263 592 213 147 395 569 324 119 215 526 292 684 710 692 222 270 586 100 613 291 602 582 697 571 254 834 447 504 0 403 896 524 133 361 636 
437 777 742 779 915 369 748 786 665 713 146 465 714 504 548 239 412 383 309 300 306 261 445 546 756 805 428 605 593 691 503 553 141 429 946 550 184 655 798 240 182 403 0 876 558 514 193 994 
916 99 134 275 566 691 669 631 888 464 740 849 394 659 332 966 1033 530 613 624 932 739 432 653 250 269 568 869 744 347 934 324 935 468 914 361 838 1019 80 637 732 896 876 0 372 853 692 918 
749 279 258 222 440 522 403 396 553 234 412 481 193 300 113 604 660 178 387 270 562 375 159 306 197 248 427 522 405 147 567 140 587 277 670 277 582 667 311 344 463 524 558 372 0 491 365 693 
921 766 748 618 563 765 336 395 152 444 436 50 496 194 579 346 259 403 627 359 251 282 533 206 623 639 741 92 150 521 90 603 416 630 450 708 669 185 800 507 586 133 514 853 491 0 431 503 
499 593 559 586 737 336 593 623 570 529 48 388 525 356 361 306 438 190 209 116 316 150 260 396 562 612 335 513 465 499 454 368 249 277 818 392 263 604 616 89 159 361 193 692 365 431 0 861 
1356 873 878 646 366 1158 292 301 361 477 885 551 544 506 806 848 740 738 1011 754 754 737 826 467 678 649 1093 415 402 603 560 833 915 949 56 971 1123 474 906 910 1018 636 994 918 693 503 861 0 
25 67 84 91 45 7 67 
