10 100
0 10 0 6 0 0 9 0 6 0 2 0 8 2 2 10 1 9 7 4 7 7 0 0 7 0 0 7 1 0 0 0 1 5 6 0 0 3 0 5 10 0 0 0 6 6 9 10 2 0 0 2 0 10 4 0 0 0 0 4 0 10 6 2 0 0 4 5 8 7 0 9 6 2 0 2 7 0 6 1 0 10 3 3 4 0 9 4 0 0 0 0 0 0 6 0 0 0 3 8 
8 8 5 4 0 0 0 2 2 0 0 0 0 0 1 10 0 0 3 0 0 4 8 3 0 8 0 0 1 0 9 0 2 8 0 0 0 5 0 4 0 5 0 0 0 3 0 10 0 0 0 3 0 2 4 2 10 0 3 0 0 0 0 0 0 0 0 10 0 10 9 0 0 0 0 0 0 7 0 3 0 0 10 10 1 5 3 2 6 0 0 9 4 0 2 7 0 0 2 0 
0 0 0 0 8 3 6 0 0 0 0 0 0 2 0 0 0 0 0 0 0 0 0 0 0 0 2 0 9 0 0 0 0 0 1 6 0 0 5 0 0 2 0 0 10 0 9 8 0 2 0 0 10 3 0 0 6 0 6 0 0 0 0 6 0 0 0 0 0 0 8 0 0 6 0 0 9 0 0 9 0 0 0 7 8 0 0 5 2 0 0 0 0 7 0 8 0 1 1 8 
0 1 7 0 4 8 0 2 2 1 0 0 7 0 4 0 0 6 0 0 6 0 3 0 6 8 0 0 9 7 0 0 0 0 7 3 0 0 0 0 7 6 0 0 8 0 0 0 7 2 7 0 5 9 4 0 5 9 5 4 4 0 0 6 0 0 3 10 0 0 10 6 0 1 0 0 0 0 8 10 0 0 7 2 0 0 5 9 5 4 0 0 7 8 0 0 0 9 0 4 
0 7 6 0 0 1 0 9 0 0 0 10 7 5 10 0 10 8 9 8 6 0 0 0 1 0 1 0 0 5 10 4 6 0 0 0 0 5 0 0 0 3 6 1 7 1 7 9 1 0 6 0 10 0 0 0 0 0 0 0 0 0 0 0 5 0 5 0 0 0 6 0 2 0 1 0 0 10 7 0 10 1 10 0 0 2 8 0 0 1 10 0 0 2 10 0 0 10 3 0 
0 0 4 5 3 0 0 0 7 0 9 8 4 0 0 10 0 10 2 8 2 9 1 4 2 2 0 6 0 3 1 5 10 10 0 0 2 0 7 0 3 0 3 0 2 9 8 9 1 0 0 5 1 9 5 0 0 10 3 0 0 2 0 2 5 8 7 3 1 0 0 6 0 0 0 0 0 0 0 0 9 10 5 9 0 10 0 10 10 0 1 0 1 1 9 0 0 10 0 5 
7 0 8 0 0 0 0 2 4 6 10 0 4 3 0 2 4 0 2 3 6 0 2 4 3 0 0 0 0 6 0 0 10 10 3 1 5 0 0 0 0 3 0 0 6 1 0 0 0 1 1 6 0 7 0 0 0 0 0 3 3 0 0 9 3 0 4 0 0 8 0 0 0 9 9 7 0 2 1 0 0 0 0 2 4 0 2 4 1 6 8 6 4 0 0 0 9 0 0 2 
0 7 1 0 0 0 0 0 4 4 0 3 0 1 0 0 10 0 0 4 10 8 0 0 0 6 0 9 0 5 0 4 10 0 0 0 0 3 0 10 8 1 1 7 9 0 10 0 0 10 0 3 10 0 3 0 0 7 7 0 4 0 7 0 2 5 4 0 2 10 0 0 0 8 1 6 0 0 6 0 7 5 0 0 5 6 8 1 0 0 6 0 0 0 0 10 6 0 2 0 
3 5 9 8 0 1 1 0 0 0 0 10 0 7 0 3 0 0 0 0 5 4 1 4 0 9 0 2 0 0 9 8 0 9 0 0 7 1 8 5 8 0 3 0 10 9 0 0 6 6 0 5 2 0 0 0 1 3 0 1 0 3 9 10 0 0 0 0 7 0 1 2 0 0 9 8 7 0 0 0 0 0 0 0 10 8 0 0 0 0 3 0 10 6 9 0 0 0 0 5 
3 7 0 7 0 4 1 0 3 6 5 0 2 0 0 0 4 0 1 6 0 3 0 0 0 0 8 0 9 0 5 0 0 0 0 6 2 0 8 0 7 0 2 0 1 0 6 6 5 0 0 0 1 0 1 0 8 10 0 0 0 0 6 3 0 0 0 0 2 8 1 0 0 1 7 10 1 1 0 0 3 0 1 0 0 0 0 0 0 0 0 0 0 2 7 6 0 5 7 5 
0 812 627 61 520 882 887 844 375 1051 953 788 683 1027 1117 619 451 711 1099 880 914 1203 840 656 960 807 1067 769 190 1351 760 605 978 816 763 770 635 925 422 546 893 663 831 514 748 891 845 1191 506 952 668 984 761 518 496 638 980 555 257 334 561 737 1024 1137 1030 1138 611 909 1037 225 1140 1083 804 1248 623 186 375 929 983 910 344 314 514 391 869 644 357 307 853 659 624 603 761 752 485 712 611 1337 657 883 1002 
812 0 443 752 526 675 491 292 608 242 205 302 154 216 468 304 561 341 311 164 268 391 338 166 208 252 542 166 626 555 318 241 295 434 269 248 246 345 548 278 315 181 258 299 370 489 552 381 346 572 295 479 201 339 574 540 420 261 577 484 351 106 430 325 497 329 224 612 227 608 335 275 171 436 301 630 444 584 329 225 482 501 502 479 390 216 549 525 286 264 508 267 390 336 332 301 310 540 156 468 341 
627 443 0 586 126 985 853 684 660 598 648 663 444 613 907 149 666 126 598 599 357 749 717 410 651 257 956 544 457 959 177 451 733 190 212 230 498 758 212 274 310 452 275 356 139 263 231 730 217 329 148 360 260 208 707 765 835 303 515 351 139 338 855 710 911 724 432 951 632 527 663 681 571 798 546 511 425 939 409 379 456 431 655 250 769 243 582 488 281 541 65 486 717 160 300 156 147 944 346 256 777 
61 752 586 0 484 832 830 783 325 992 892 728 622 967 1056 568 399 663 1042 819 860 1143 780 595 899 755 1009 708 135 1290 711 544 917 773 712 717 574 865 386 488 843 602 779 454 701 849 808 1132 452 913 617 938 707 464 445 585 920 496 197 278 511 679 964 1076 972 1077 550 856 977 165 1081 1022 743 1188 562 125 314 875 931 855 283 253 459 342 809 588 301 246 802 598 587 542 703 704 427 662 560 1276 598 840 941 
520 526 126 484 0 993 883 733 611 706 727 703 492 714 975 223 632 246 715 671 479 860 760 456 731 375 1006 598 365 1063 299 477 803 311 327 344 526 812 98 298 434 493 395 363 264 378 325 842 222 433 246 481 365 220 678 757 887 328 448 290 177 420 914 815 961 827 462 970 732 454 776 781 629 909 564 428 386 964 533 496 409 375 635 180 810 311 535 432 404 569 104 507 742 283 297 269 217 1047 402 374 844 
882 675 985 832 993 0 209 398 507 822 587 373 570 756 494 844 434 940 920 554 942 889 349 594 593 905 341 509 796 875 945 536 506 1066 902 887 492 394 945 711 984 552 918 633 984 1136 1174 895 777 1223 873 1148 840 782 387 253 365 682 662 743 847 725 406 815 340 796 557 91 745 686 897 756 506 906 440 737 632 139 1003 900 628 675 387 834 307 763 541 634 950 451 1039 500 287 957 696 906 844 868 663 1116 481 
887 491 853 830 883 209 0 200 526 616 380 194 413 550 307 705 445 789 715 354 758 680 153 444 386 734 189 331 761 677 784 407 297 906 738 721 358 186 854 587 806 402 744 523 829 971 1019 687 661 1056 725 970 672 664 412 273 163 557 639 674 720 557 210 606 165 587 423 127 538 669 689 547 319 698 322 717 568 94 814 713 578 624 375 746 104 616 530 598 774 315 912 377 143 799 589 751 707 668 511 950 274 
844 292 684 783 733 398 200 0 528 426 197 60 242 363 274 535 454 607 523 156 558 513 49 278 204 540 273 142 688 562 596 270 152 717 549 530 225 84 721 436 608 240 549 392 644 778 833 515 515 862 547 771 481 515 441 342 155 407 587 573 560 368 189 435 228 420 278 326 354 619 506 373 122 538 222 660 482 294 613 513 505 544 379 622 98 441 502 537 578 190 747 254 142 612 456 568 538 551 338 756 162 
375 608 660 325 611 507 526 528 0 845 683 468 455 802 788 567 81 679 919 612 806 979 510 445 690 719 712 501 310 1080 712 368 677 812 690 686 371 600 532 432 814 428 741 353 726 892 888 974 452 973 614 952 655 463 121 265 641 419 178 321 534 577 689 904 680 898 385 536 806 192 938 843 530 1017 330 242 236 559 880 783 204 236 154 430 527 533 78 179 771 373 692 344 416 713 378 660 562 1068 484 877 690 
1051 242 598 992 706 822 616 426 845 0 236 465 392 68 457 489 792 474 99 273 274 157 475 408 231 345 591 359 863 363 430 479 332 510 387 368 476 434 750 508 341 418 333 540 482 531 621 142 565 595 460 469 341 555 799 742 489 496 819 719 547 317 472 114 555 132 464 743 84 850 93 109 342 205 525 871 686 704 281 233 724 742 728 699 515 423 789 768 342 483 658 501 560 450 567 442 497 348 394 511 372 
953 205 648 892 727 587 380 197 683 236 0 245 274 170 268 507 617 544 335 73 426 317 244 306 8 443 369 186 778 401 517 348 105 628 468 447 322 198 741 458 486 291 443 450 570 673 746 318 533 752 500 642 401 528 613 532 257 434 701 644 550 310 250 239 329 226 343 507 159 734 311 176 154 345 353 767 578 468 466 378 610 640 546 661 279 416 641 649 467 311 713 354 337 536 500 505 512 388 335 652 150 
788 302 663 728 703 373 194 60 468 465 245 0 221 404 329 515 394 595 560 192 570 562 58 254 252 540 307 138 636 621 590 230 211 712 544 527 182 137 684 405 615 212 552 352 635 777 825 562 483 862 532 779 478 484 381 288 198 375 531 526 534 363 238 484 263 471 242 311 398 563 549 421 133 590 169 606 431 287 630 527 452 493 319 582 106 424 444 483 582 143 725 209 95 605 418 557 517 609 319 756 221 
683 154 444 622 492 570 413 242 455 392 274 221 0 354 490 295 407 376 465 203 391 532 274 37 280 337 515 107 505 668 376 88 323 498 332 318 96 320 487 198 422 27 353 177 418 567 608 524 277 653 312 583 271 276 421 401 395 171 437 370 318 159 422 460 470 459 74 521 360 469 484 403 141 573 154 498 308 503 460 356 343 369 350 396 326 203 398 385 385 124 506 113 286 389 230 339 297 654 98 546 360 
1027 216 613 967 714 756 550 363 802 68 170 404 354 0 393 492 745 493 166 212 315 178 410 375 164 369 524 307 842 349 453 441 264 545 407 387 432 367 750 492 381 378 361 514 507 573 659 171 555 643 469 520 353 547 749 685 421 477 789 699 547 306 405 110 487 115 428 677 22 820 145 68 286 221 477 845 657 637 334 269 693 715 679 690 449 417 750 737 376 434 676 459 499 473 547 458 500 334 372 553 304 
1117 468 907 1056 975 494 307 274 788 457 268 329 490 393 0 761 710 808 549 307 689 454 279 527 267 710 165 383 961 385 784 537 174 895 734 714 495 192 976 688 751 496 711 657 837 940 1014 468 767 1017 760 904 667 764 687 563 151 660 860 843 798 569 101 396 154 371 542 403 374 892 498 355 349 455 496 934 756 355 722 641 779 818 634 884 263 667 771 811 734 463 972 526 373 803 717 769 766 379 573 919 131 
619 304 149 568 223 844 705 535 567 489 507 515 295 492 761 0 559 113 509 454 296 645 568 261 510 188 807 394 432 841 149 308 587 246 144 151 354 609 262 143 275 304 212 229 160 326 336 628 122 409 50 389 153 109 595 635 685 167 450 297 61 197 707 596 761 606 288 807 510 470 565 559 422 694 405 469 335 793 364 300 372 361 536 232 620 94 490 412 234 396 213 345 571 148 189 97 9 826 197 310 630 
451 561 666 399 632 434 445 454 81 792 617 394 407 745 710 559 0 671 871 548 776 920 433 402 625 696 632 439 367 1011 698 322 604 805 671 665 316 523 562 419 791 380 717 334 719 885 889 916 452 968 603 936 630 462 50 186 562 400 232 348 534 542 610 844 600 836 342 457 747 253 884 782 466 956 269 305 246 479 849 749 225 267 76 455 448 512 111 215 748 312 706 293 337 702 372 648 555 999 450 868 615 
711 341 126 663 246 940 789 607 679 474 544 595 376 493 808 113 671 0 473 503 233 624 645 347 546 132 873 465 529 837 54 406 635 134 87 107 449 674 317 253 191 390 150 339 47 214 234 605 231 297 70 280 144 219 706 740 750 275 558 401 155 242 766 587 828 602 385 897 513 577 538 561 487 673 503 571 447 879 289 253 483 470 646 320 698 178 602 522 158 489 184 444 660 41 301 39 118 822 279 198 681 
1099 311 598 1042 715 920 715 523 919 99 335 560 465 166 549 509 871 473 0 368 247 166 572 476 330 341 688 447 910 396 422 552 430 482 388 371 555 533 770 554 310 492 323 597 470 488 584 144 601 542 473 410 356 590 881 832 587 547 879 765 570 363 570 170 652 195 535 842 181 908 75 195 433 212 607 925 745 803 228 219 784 797 810 732 613 459 859 828 323 566 654 578 655 441 615 446 518 382 450 470 469 
880 164 599 819 671 554 354 156 612 273 73 192 203 212 307 454 548 503 368 0 415 376 205 237 80 414 380 114 706 474 482 275 134 598 432 412 250 188 679 393 470 219 419 380 534 650 716 375 470 732 453 631 365 466 547 474 259 368 629 573 493 262 266 299 336 289 271 480 208 661 357 236 82 409 282 694 505 446 464 368 537 568 478 595 250 361 569 576 445 239 664 281 287 500 432 464 459 460 272 629 178 
914 268 357 860 479 942 758 558 806 274 426 570 391 315 689 296 776 233 247 415 0 408 605 382 425 108 791 433 725 633 180 461 530 237 156 145 485 602 545 386 67 416 86 455 224 259 347 388 408 330 250 217 156 396 800 792 673 391 724 585 357 236 674 386 749 406 439 880 336 749 318 377 439 457 545 754 595 851 74 48 635 636 731 528 656 281 735 679 77 514 410 496 656 198 449 214 305 618 326 238 576 
1203 391 749 1143 860 889 680 513 979 157 317 562 532 178 454 645 920 624 166 376 408 0 557 553 309 493 611 481 1016 230 577 619 383 645 538 519 609 495 906 663 473 557 478 690 627 654 750 22 721 708 614 575 495 712 922 848 531 650 967 873 703 472 501 78 583 93 606 804 173 998 92 141 456 49 651 1021 834 760 395 374 871 892 852 855 586 580 928 914 482 609 808 637 654 597 720 594 653 217 546 636 410 
840 338 717 780 760 349 153 49 510 475 244 58 274 410 279 568 433 645 572 205 605 557 0 308 250 583 249 181 691 594 637 288 185 759 590 572 240 90 742 462 653 268 593 410 683 821 873 560 540 906 583 818 523 541 415 306 141 432 583 584 590 409 184 480 205 464 300 277 402 615 554 418 167 581 225 659 487 246 661 561 507 548 358 640 53 476 491 536 623 201 779 267 104 652 475 607 571 583 372 800 185 
656 166 410 595 456 594 444 278 445 408 306 254 37 375 527 261 402 347 476 237 382 553 308 0 312 319 551 144 475 697 351 80 359 472 310 297 107 357 450 161 408 43 336 144 390 543 581 544 240 630 282 566 252 239 421 413 432 134 414 338 282 145 459 483 506 483 60 549 383 445 500 428 178 596 165 471 283 533 453 351 319 342 351 359 360 172 383 362 369 143 471 114 313 363 195 312 263 683 69 523 396 
960 208 651 899 731 593 386 204 690 231 8 252 280 164 267 510 625 546 330 80 425 309 250 312 0 444 372 194 784 394 519 355 107 629 469 448 330 203 746 463 486 297 444 456 572 674 747 311 538 751 503 641 403 533 621 539 261 440 709 650 555 314 252 232 332 218 350 513 153 741 304 169 161 338 361 774 585 473 464 377 616 647 553 666 285 420 649 656 467 318 716 361 345 538 506 507 516 380 340 652 152 
807 252 257 755 375 905 734 540 719 345 443 540 337 369 710 188 696 132 341 414 108 493 583 319 444 0 793 403 619 708 85 393 542 185 48 37 426 597 438 290 95 359 24 366 137 238 303 474 304 322 142 247 68 291 724 732 672 300 625 481 248 180 680 458 749 474 371 851 390 648 406 437 418 542 485 651 499 827 176 122 539 536 657 420 636 186 645 582 52 460 315 431 619 105 351 107 197 693 255 217 588 
1067 542 956 1009 1006 341 189 273 712 591 369 307 515 524 165 807 632 873 688 380 791 611 249 551 372 793 0 413 930 549 858 537 265 976 809 789 489 199 991 709 849 513 798 659 907 1030 1093 623 787 1112 816 1009 740 788 600 462 123 679 814 830 834 631 120 546 46 523 548 252 507 845 644 498 386 615 470 892 730 204 835 744 745 789 559 889 206 713 711 770 825 449 1019 515 306 875 724 834 810 544 611 1009 221 
769 166 544 708 598 509 331 142 501 359 186 138 107 307 383 394 439 465 447 114 433 481 181 144 194 403 413 0 597 588 456 165 218 577 409 391 136 215 594 306 477 114 414 277 502 640 692 477 385 725 405 641 342 383 442 385 291 278 516 469 423 227 316 404 367 397 164 449 308 548 450 343 36 517 171 583 395 424 495 391 425 457 372 502 234 300 456 464 444 128 607 168 224 471 335 426 398 574 198 619 253 
190 626 457 135 365 796 761 688 310 863 778 636 505 842 961 432 367 529 910 706 725 1016 691 475 784 619 930 597 0 1172 576 433 812 642 576 582 469 771 269 357 707 487 643 331 568 719 684 1004 317 786 482 806 572 329 417 542 832 367 135 145 376 548 874 952 890 954 435 805 853 118 951 899 633 1062 467 72 205 817 796 721 185 143 409 210 726 454 256 164 666 498 465 437 625 570 296 527 424 1157 470 710 840 
1351 555 959 1290 1063 875 677 562 1080 363 401 621 668 349 385 841 1011 837 396 474 633 230 594 697 394 708 549 588 1172 0 793 747 411 870 750 730 724 511 1098 833 699 688 696 841 845 883 977 252 900 938 817 805 700 893 1002 900 514 814 1102 1033 896 653 469 250 538 236 740 785 332 1134 321 283 555 189 753 1166 976 737 624 595 1009 1037 937 1034 605 765 1042 1050 704 711 1021 755 699 813 884 804 849 15 709 865 413 
760 318 177 711 299 945 784 596 712 430 517 590 376 453 784 149 698 54 422 482 180 577 637 351 519 85 858 456 576 793 0 417 613 122 50 70 456 659 371 280 138 393 99 364 54 193 236 557 271 280 99 241 117 258 731 755 735 298 599 445 200 229 747 543 813 559 395 896 473 619 489 521 475 626 512 616 482 876 235 203 520 510 668 370 690 190 635 560 105 494 232 455 661 20 334 52 156 778 283 174 659 
605 241 451 544 477 536 407 270 368 479 348 230 88 441 537 308 322 406 552 275 461 619 288 80 355 393 537 165 433 747 417 0 381 536 379 368 49 354 454 180 484 62 412 122 451 610 639 611 255 696 337 640 325 257 341 339 424 150 355 307 315 224 458 546 493 544 22 501 446 387 572 488 200 660 97 419 230 490 533 430 262 293 271 352 335 229 310 302 444 92 508 38 267 426 187 373 308 733 138 591 411 
978 295 733 917 803 506 297 152 677 332 105 211 323 264 174 587 604 635 430 134 530 383 185 359 107 542 265 218 812 411 613 381 0 726 563 543 344 112 807 519 589 333 544 495 665 775 845 390 597 854 587 747 496 594 592 491 157 493 722 687 625 396 145 309 225 290 382 421 249 755 396 252 183 402 358 792 608 379 570 482 635 670 530 718 205 494 646 671 569 320 798 376 289 631 553 596 592 399 402 753 47 
816 434 190 773 311 1066 906 717 812 510 628 712 498 545 895 246 805 134 482 598 237 645 759 472 629 185 976 577 642 870 122 536 726 0 169 187 576 778 402 387 172 515 186 474 87 81 118 624 361 163 203 170 236 349 840 872 854 409 684 523 281 350 864 623 931 642 514 1019 566 701 554 610 595 693 632 690 578 998 261 277 613 597 780 432 812 307 734 651 169 615 215 574 783 110 434 163 251 855 404 68 773 
763 269 212 712 327 902 738 549 690 387 468 544 332 407 734 144 671 87 388 432 156 538 590 310 469 48 809 409 576 750 50 379 563 169 0 21 416 610 390 258 132 351 70 338 103 234 285 519 263 321 96 265 68 250 701 718 686 271 588 440 203 181 698 500 764 515 357 852 427 610 451 475 427 587 473 611 465 830 221 169 504 499 637 375 643 159 615 546 90 453 271 417 617 69 316 59 152 735 242 214 609 
770 248 230 717 344 887 721 530 686 368 447 527 318 387 714 151 665 107 371 412 145 519 572 297 448 37 789 391 582 730 70 368 543 187 21 0 403 591 403 255 130 337 61 333 124 250 304 500 266 336 106 273 49 254 694 707 667 267 588 443 211 164 678 480 744 495 345 836 407 612 433 455 408 568 461 614 464 814 214 154 503 500 629 383 625 153 612 546 87 439 291 406 602 90 315 75 160 715 230 229 589 
635 246 498 574 526 492 358 225 371 476 322 182 96 432 495 354 316 449 555 250 485 609 240 107 330 426 489 136 469 724 456 49 344 576 416 403 0 309 503 229 514 70 443 170 493 649 682 603 304 735 381 673 358 307 327 307 377 199 381 349 363 251 413 534 445 529 66 453 435 413 568 474 170 647 59 449 264 442 555 452 291 326 256 400 286 271 321 329 475 43 556 32 219 467 236 414 354 710 173 629 372 
925 345 758 865 812 394 186 84 600 434 198 137 320 367 192 609 523 674 533 188 602 495 90 357 203 597 199 215 771 511 659 354 112 778 610 591 309 0 803 517 657 321 603 476 709 834 895 501 596 917 617 819 542 596 505 391 77 488 668 658 638 432 104 421 154 402 362 311 354 700 504 362 188 514 305 742 566 270 651 556 588 628 448 705 95 515 580 619 631 274 822 339 191 676 539 635 613 501 413 813 98 
422 548 212 386 98 945 854 721 532 750 741 684 487 750 976 262 562 317 770 679 545 906 742 450 746 438 991 594 269 1098 371 454 807 402 390 403 503 803 0 289 508 483 460 333 344 472 423 890 210 530 298 571 415 214 609 701 876 316 362 214 203 446 907 856 947 865 443 931 766 364 827 816 628 955 532 334 320 930 606 557 337 297 574 111 789 334 459 354 474 544 202 479 711 357 267 332 254 1083 407 467 846 
546 278 274 488 298 711 587 436 432 508 458 405 198 492 688 143 419 253 554 393 386 663 462 161 463 290 709 306 357 833 280 180 519 387 258 255 229 517 289 0 385 196 313 87 301 466 478 650 79 550 185 520 230 79 453 494 591 30 338 212 136 192 620 601 664 606 164 680 505 363 595 553 339 709 273 374 210 670 460 373 249 251 394 204 512 105 357 292 342 272 329 213 448 283 63 229 140 818 124 450 557 
893 315 310 843 434 984 806 608 814 341 486 615 422 381 751 275 791 191 310 470 67 473 653 408 486 95 849 477 707 699 138 484 589 172 132 130 514 657 508 385 0 445 74 462 172 192 280 452 394 266 225 164 161 381 818 821 729 395 718 571 332 264 732 453 806 473 462 926 403 741 382 444 487 521 573 742 594 899 99 112 633 629 751 504 705 282 741 676 43 546 357 521 698 152 445 182 283 684 346 172 636 
663 181 452 602 493 552 402 240 428 418 291 212 27 378 496 304 380 390 492 219 416 557 268 43 297 359 513 114 487 688 393 62 333 515 351 337 70 321 483 196 445 0 375 163 433 585 624 549 275 672 325 605 292 275 394 376 395 167 415 356 322 182 424 484 468 482 52 506 384 447 510 426 150 598 129 477 288 490 486 382 321 350 323 388 318 215 372 363 407 102 513 86 270 405 221 355 305 674 112 565 367 
831 258 275 779 395 918 744 549 741 333 443 552 353 361 711 212 717 150 323 419 86 478 593 336 444 24 798 414 643 696 99 412 544 186 70 61 443 603 460 313 74 375 0 388 149 232 304 458 328 314 165 231 88 315 744 749 677 323 648 505 272 194 684 447 754 463 389 862 382 672 390 428 426 527 502 675 523 837 152 104 562 560 677 444 645 209 668 605 32 476 331 449 632 119 374 128 221 681 274 210 590 
514 299 356 454 363 633 523 392 353 540 450 352 177 514 657 229 334 339 597 380 455 690 410 144 456 366 659 277 331 841 364 122 495 474 338 333 170 476 333 87 462 163 388 0 387 552 565 679 143 636 271 602 302 150 367 409 546 67 281 194 217 237 580 623 615 624 115 607 523 311 631 569 313 734 201 332 148 602 529 436 187 202 307 230 456 180 280 231 419 211 407 146 381 369 66 314 226 827 147 535 529 
748 370 139 701 264 984 829 644 726 482 570 635 418 507 837 160 719 47 470 534 224 627 683 390 572 137 907 502 568 845 54 451 665 87 103 124 493 709 344 301 172 433 149 387 0 166 191 607 277 250 117 238 169 265 754 786 785 322 603 444 199 277 798 595 862 612 430 939 527 621 538 574 523 676 548 613 493 920 271 253 529 515 693 359 736 222 649 568 148 533 186 489 703 34 348 79 165 830 322 151 711 
891 489 263 849 378 1136 971 778 892 531 673 777 567 573 940 326 885 214 488 650 259 654 821 543 674 238 1030 640 719 883 193 610 775 81 234 250 649 834 472 466 192 585 232 552 166 0 100 632 442 87 282 113 298 429 919 948 909 487 764 603 361 414 916 641 986 662 588 1085 595 781 563 636 655 700 705 769 658 1063 260 304 694 677 858 510 873 382 815 731 206 686 277 648 851 185 515 239 331 869 475 21 821 
845 552 231 808 325 1174 1019 833 888 621 746 825 608 659 1014 336 889 234 584 716 347 750 873 581 747 303 1093 692 684 977 236 639 845 118 285 304 682 895 423 478 280 624 304 565 191 100 0 728 438 112 302 209 353 427 928 971 971 503 746 582 356 465 982 733 1048 753 618 1129 680 758 658 724 711 796 736 740 652 1111 357 390 685 662 871 480 926 411 810 718 284 722 221 677 893 221 517 269 339 963 512 115 891 
1191 381 730 1132 842 895 687 515 974 142 318 562 524 171 468 628 916 605 144 375 388 22 560 544 311 474 623 477 1004 252 557 611 390 624 519 500 603 501 890 650 452 549 458 679 607 632 728 0 707 686 597 553 478 697 919 848 540 637 957 860 687 459 511 81 594 101 598 811 169 988 70 142 453 69 647 1011 825 768 373 355 862 881 849 841 591 565 921 905 462 604 789 630 656 577 708 576 636 239 534 614 419 
506 346 217 452 222 777 661 515 452 565 533 483 277 555 767 122 452 231 601 470 408 721 540 240 538 304 787 385 317 900 271 255 597 361 263 266 304 596 210 79 394 275 328 143 277 442 438 707 0 521 172 510 255 13 491 549 670 108 328 177 82 249 699 664 742 670 240 750 570 349 649 619 418 769 343 348 217 743 479 404 252 239 438 135 589 142 374 291 352 347 265 285 521 269 83 219 115 885 198 427 636 
952 572 329 913 433 1223 1056 862 973 595 752 862 653 643 1017 409 968 297 542 732 330 708 906 630 751 322 1112 725 786 938 280 696 854 163 321 336 735 917 530 550 266 672 314 636 250 87 112 686 521 0 366 135 384 509 1003 1034 991 572 840 677 440 500 996 703 1068 725 674 1171 664 854 617 703 740 752 792 840 738 1149 316 377 772 754 943 579 958 468 895 809 287 773 329 734 938 270 596 325 413 925 562 107 901 
668 295 148 617 246 873 725 547 614 460 500 532 312 469 760 50 603 70 473 453 250 614 583 282 503 142 816 405 482 817 99 337 587 203 96 106 381 617 298 185 225 325 165 271 117 282 302 597 172 366 0 340 119 159 637 670 694 206 500 347 107 191 712 570 771 582 316 831 488 521 532 537 430 663 434 519 383 814 317 258 421 411 577 279 636 110 537 461 185 422 213 375 594 99 236 47 58 802 214 265 631 
984 479 360 938 481 1148 970 771 952 469 642 779 583 520 904 389 936 280 410 631 217 575 818 566 641 247 1009 641 806 805 241 640 747 170 265 273 673 819 571 520 164 605 231 602 238 113 209 553 510 135 340 0 315 497 966 979 890 535 838 681 435 425 891 573 966 596 618 1090 541 857 485 577 651 618 732 851 723 1063 187 265 760 749 901 596 869 423 876 801 199 707 383 678 861 242 575 293 395 791 502 109 793 
761 201 260 707 365 840 672 481 655 341 401 478 271 353 667 153 630 144 356 365 156 495 523 252 403 68 740 342 572 700 117 325 496 236 68 49 358 542 415 230 161 292 88 302 169 298 353 478 255 384 119 315 0 243 657 664 618 237 568 430 214 115 630 451 696 464 303 787 372 592 413 421 359 544 417 599 440 765 230 149 479 480 590 381 576 125 582 523 119 393 323 363 554 135 293 107 162 685 187 277 541 
518 339 208 464 220 782 664 515 463 555 528 484 276 547 764 109 462 219 590 466 396 712 541 239 533 291 788 383 329 893 258 257 594 349 250 254 307 596 214 79 381 275 315 150 265 429 427 697 13 509 159 497 243 0 501 557 670 109 341 190 71 241 698 655 743 662 242 755 562 362 639 611 416 760 347 361 229 747 467 392 265 252 448 144 590 132 386 304 339 350 257 289 524 256 92 206 102 878 194 415 633 
496 574 707 445 678 387 412 441 121 799 613 381 421 749 687 595 50 706 881 547 800 922 415 421 621 724 600 442 417 1002 731 341 592 840 701 694 327 505 609 453 818 394 744 367 754 919 928 919 491 1003 637 966 657 501 0 144 538 433 282 396 573 564 587 845 570 836 361 415 750 302 890 782 466 956 275 354 292 439 872 771 273 315 71 501 424 543 161 264 776 316 749 308 315 736 410 681 591 990 473 902 599 
638 540 765 585 757 253 273 342 265 742 532 288 401 685 563 635 186 740 832 474 792 848 306 413 539 732 462 385 542 900 755 339 491 872 718 707 307 391 701 494 821 376 749 409 786 948 971 848 549 1034 670 979 664 557 144 0 412 468 409 494 626 557 462 770 435 758 361 271 681 434 830 707 400 877 248 485 383 295 860 756 377 423 134 590 302 565 289 381 781 278 814 301 202 763 467 709 633 890 477 929 489 
980 420 835 920 887 365 163 155 641 489 257 198 395 421 151 685 562 750 587 259 673 531 141 432 261 672 123 291 832 514 735 424 157 854 686 667 377 77 876 591 729 395 677 546 785 909 971 540 670 991 694 890 618 670 538 412 0 562 724 724 714 508 50 460 77 439 433 276 406 755 551 406 264 544 366 799 629 230 719 626 648 690 487 776 114 591 628 677 704 340 898 406 225 752 610 711 689 505 490 887 121 
555 261 303 496 328 682 557 407 419 496 434 375 171 477 660 167 400 275 547 368 391 650 432 134 440 300 679 278 367 814 298 150 493 409 271 267 199 488 316 30 395 167 323 67 322 487 503 637 108 572 206 535 237 109 433 468 562 0 337 223 165 183 591 586 634 590 134 650 489 364 585 536 312 695 243 378 205 640 465 375 245 252 371 227 481 114 345 289 352 242 359 184 417 303 71 248 165 799 105 470 530 
257 577 515 197 448 662 639 587 178 819 701 531 437 789 860 450 232 558 879 629 724 967 583 414 709 625 814 516 135 1102 599 355 722 684 588 588 381 668 362 338 718 415 648 281 603 764 746 957 328 840 500 838 568 341 282 409 724 337 0 164 404 517 768 897 776 896 363 675 797 33 911 840 550 1009 365 78 134 690 797 710 96 89 277 270 614 443 121 52 676 402 538 349 508 597 275 547 443 1088 429 752 745 
334 484 351 278 290 743 674 573 321 719 644 526 370 699 843 297 348 401 765 573 585 873 584 338 650 481 830 469 145 1033 445 307 687 523 440 443 349 658 214 212 571 356 505 194 444 603 582 860 177 677 347 681 430 190 396 494 724 223 164 0 246 403 762 809 788 812 305 737 711 177 807 758 505 918 360 171 112 742 656 578 123 85 364 110 624 310 246 143 529 384 376 319 533 441 152 394 290 1018 327 591 718 
561 351 139 511 177 847 720 560 534 547 550 534 318 547 798 61 534 155 570 493 357 703 590 282 555 248 834 423 376 896 200 315 625 281 203 211 363 638 203 136 332 322 272 217 199 361 356 687 82 440 107 435 214 71 573 626 714 165 404 246 0 246 738 652 788 662 297 815 564 422 625 614 453 752 408 416 298 805 424 361 333 316 519 172 641 135 456 370 292 406 193 349 582 195 163 151 53 881 225 348 667 
737 106 338 679 420 725 557 368 577 317 310 363 159 306 569 197 542 242 363 262 236 472 409 145 314 180 631 227 548 653 229 224 396 350 181 164 251 432 446 192 264 182 194 237 277 414 465 459 249 500 191 425 115 241 564 557 508 183 517 403 246 0 524 414 586 421 203 672 321 546 404 371 246 520 310 562 384 649 308 207 423 434 495 384 462 112 510 468 226 282 403 260 439 245 252 203 204 638 93 393 440 
1024 430 855 964 914 406 210 189 689 472 250 238 422 405 101 707 610 766 570 266 674 501 184 459 252 680 120 316 874 469 747 458 145 864 698 678 413 104 907 620 732 424 684 580 798 916 982 511 699 996 712 891 630 698 587 462 50 591 768 762 738 524 0 433 83 411 466 316 388 800 528 382 285 510 407 843 669 269 716 626 690 731 535 810 163 613 675 720 710 378 919 443 273 765 643 727 711 461 513 894 101 
1137 325 710 1076 815 815 606 435 904 114 239 484 460 110 396 596 844 587 170 299 386 78 480 483 232 458 546 404 952 250 543 546 309 623 500 480 534 421 856 601 453 484 447 623 595 641 733 81 664 703 570 573 451 655 845 770 460 586 897 809 652 414 433 0 516 26 535 730 100 928 104 63 379 113 575 954 766 687 387 347 802 824 775 798 511 525 854 845 456 533 771 563 576 563 657 554 604 235 482 622 339 
1030 497 911 972 961 340 165 228 680 555 329 263 470 487 154 761 600 828 652 336 749 583 205 506 332 749 46 367 890 538 813 493 225 931 764 744 445 154 947 664 806 468 754 615 862 986 1048 594 742 1068 771 966 696 743 570 435 77 634 776 788 788 586 83 516 0 493 504 250 471 808 612 465 341 591 428 854 689 201 793 701 706 749 527 845 164 667 675 732 781 406 974 472 269 830 680 788 764 531 565 964 183 
1138 329 724 1077 827 796 587 420 898 132 226 471 459 115 371 606 836 602 195 289 406 93 464 483 218 474 523 397 954 236 559 544 290 642 515 495 529 402 865 606 473 482 463 624 612 662 753 101 670 725 582 596 464 662 836 758 439 590 896 812 662 421 411 26 493 0 533 711 101 927 130 55 370 120 568 954 765 667 409 365 801 825 767 805 493 533 850 843 474 526 785 558 562 579 660 568 614 221 485 643 318 
611 224 432 550 462 557 423 278 385 464 343 242 74 428 542 288 342 385 535 271 439 606 300 60 350 371 548 164 435 740 395 22 382 514 357 345 66 362 443 164 462 52 389 115 430 588 618 598 240 674 316 618 303 242 361 361 433 134 363 305 297 203 466 535 504 533 0 519 435 395 557 477 199 648 118 425 236 508 511 409 269 297 292 344 348 207 325 311 422 109 490 60 285 405 177 352 288 726 116 569 414 
909 612 951 856 970 91 127 326 536 743 507 311 521 677 403 807 457 897 842 480 880 804 277 549 513 851 252 449 805 785 896 501 421 1019 852 836 453 311 931 680 926 506 862 607 939 1085 1129 811 750 1171 831 1090 787 755 415 271 276 650 675 737 815 672 316 730 250 711 519 0 665 702 815 673 441 819 407 753 627 49 938 836 629 676 399 821 230 721 557 641 893 411 1008 466 236 910 673 860 807 777 618 1065 394 
1037 227 632 977 732 745 538 354 806 84 159 398 360 22 374 510 747 513 181 208 336 173 402 383 153 390 507 308 853 332 473 446 249 566 427 407 435 354 766 505 403 384 382 523 527 595 680 169 570 664 488 541 372 562 750 681 406 489 797 711 564 321 388 100 471 101 435 665 0 828 152 50 285 213 478 854 666 625 355 291 702 724 680 704 438 433 755 744 397 435 695 463 492 494 559 478 517 317 384 574 288 
225 608 527 165 454 686 669 619 192 850 734 563 469 820 892 470 253 577 908 661 749 998 615 445 741 648 845 548 118 1134 619 387 755 701 610 612 413 700 364 363 741 447 672 311 621 781 758 988 349 854 521 857 592 362 302 434 755 364 33 177 422 546 800 928 808 927 395 702 828 0 941 872 583 1041 398 51 164 718 822 737 127 113 303 279 645 468 145 85 698 435 547 381 539 616 300 568 463 1120 458 769 778 
1140 335 663 1081 776 897 689 506 938 93 311 549 484 145 498 565 884 538 75 357 318 92 554 500 304 406 644 450 951 321 489 572 396 554 451 433 568 504 827 595 382 510 390 631 538 563 658 70 649 617 532 485 413 639 890 830 551 585 911 807 625 404 528 104 612 130 557 815 152 941 0 146 430 139 616 961 777 774 303 286 815 833 820 782 590 506 882 859 392 574 721 594 643 508 655 509 573 307 484 544 431 
1083 275 681 1022 781 756 547 373 843 109 176 421 403 68 355 559 782 561 195 236 377 141 418 428 169 437 498 343 899 283 521 488 252 610 475 455 474 362 816 553 444 426 428 569 574 636 724 142 619 703 537 577 421 611 782 707 406 536 840 758 614 371 382 63 465 55 477 673 50 872 146 0 317 174 514 899 710 630 390 334 746 770 713 753 450 483 795 788 441 471 744 503 514 541 607 526 567 267 431 616 285 
804 171 571 743 629 506 319 122 530 342 154 133 141 286 349 422 466 487 433 82 439 456 167 178 161 418 386 36 633 555 475 200 183 595 427 408 170 188 628 339 487 150 426 313 523 655 711 453 418 740 430 651 359 416 466 400 264 312 550 505 453 246 285 379 341 370 199 441 285 583 430 317 0 490 200 618 430 413 497 395 460 493 397 536 219 328 488 498 456 157 635 202 226 491 370 448 426 541 228 634 219 
1248 436 798 1188 909 906 698 538 1017 205 345 590 573 221 455 694 956 673 212 409 457 49 581 596 338 542 615 517 1062 189 626 660 402 693 587 568 647 514 955 709 521 598 527 734 676 700 796 69 769 752 663 618 544 760 956 877 544 695 1009 918 752 520 510 113 591 120 648 819 213 1041 139 174 490 0 688 1066 878 774 440 423 914 936 887 903 607 628 968 957 531 645 857 676 680 646 766 643 702 176 591 682 425 
623 301 546 562 564 440 322 222 330 525 353 169 154 477 496 405 269 503 607 282 545 651 225 165 361 485 470 171 467 753 512 97 358 632 473 461 59 305 532 273 573 129 502 201 548 705 736 647 343 792 434 732 417 347 275 248 366 243 365 360 408 310 407 575 428 568 118 407 478 398 616 514 200 688 0 438 263 400 614 510 283 324 204 425 264 326 290 316 534 43 602 60 180 523 268 470 404 739 231 686 380 
186 630 511 125 428 737 717 660 242 871 767 606 498 845 934 469 305 571 925 694 754 1021 659 471 774 651 892 583 72 1166 616 419 792 690 611 614 449 742 334 374 742 477 675 332 613 769 740 1011 348 840 519 851 599 361 354 485 799 378 78 171 416 562 843 954 854 954 425 753 854 51 961 899 618 1066 438 0 190 768 826 746 158 130 354 260 690 476 196 123 700 474 525 417 586 611 311 565 461 1151 477 758 817 
375 444 425 314 386 632 568 482 236 686 578 431 308 657 756 335 246 447 745 505 595 834 487 283 585 499 730 395 205 976 482 230 608 578 465 464 264 566 320 210 594 288 523 148 493 658 652 825 217 738 383 723 440 229 292 383 629 205 134 112 298 384 669 766 689 765 236 627 666 164 777 710 430 878 263 190 0 633 669 580 40 63 254 210 525 315 158 84 551 293 460 232 428 482 149 430 329 962 295 644 635 
929 584 939 875 964 139 94 294 559 704 468 287 503 637 355 793 479 879 803 446 851 760 246 533 473 827 204 424 817 737 876 490 379 998 830 814 442 270 930 670 899 490 837 602 920 1063 1111 768 743 1149 814 1063 765 747 439 295 230 640 690 742 805 649 269 687 201 667 508 49 625 718 774 630 413 774 400 768 633 0 907 807 638 684 416 820 196 705 575 653 868 399 998 458 223 890 668 842 794 730 601 1042 350 
983 329 409 931 533 1003 814 613 880 281 466 630 460 334 722 364 849 289 228 464 74 395 661 453 464 176 835 495 796 624 235 533 570 261 221 214 555 651 606 460 99 486 152 529 271 260 357 373 479 316 317 187 230 467 872 860 719 465 797 656 424 308 716 387 793 409 511 938 355 822 303 390 497 440 614 826 669 907 0 105 709 709 803 595 711 355 809 752 132 583 456 567 719 250 522 276 373 610 399 242 616 
910 225 379 855 496 900 713 513 783 233 378 527 356 269 641 300 749 253 219 368 48 374 561 351 377 122 744 391 721 595 203 430 482 277 169 154 452 556 557 373 112 382 104 436 253 304 390 355 404 377 258 265 149 392 771 756 626 375 710 578 361 207 626 347 701 365 409 836 291 737 286 334 395 423 510 746 580 807 105 0 619 624 701 529 611 269 714 664 109 478 436 465 615 223 436 228 308 580 300 284 528 
344 482 456 283 409 628 578 505 204 724 610 452 343 693 779 372 225 483 784 537 635 871 507 319 616 539 745 425 185 1009 520 262 635 613 504 503 291 588 337 249 633 321 562 187 529 694 685 862 252 772 421 760 479 265 273 377 648 245 96 123 333 423 690 802 706 801 269 629 702 127 815 746 460 914 283 158 40 638 709 619 0 47 244 230 541 354 127 45 590 317 488 259 441 519 188 468 366 995 334 680 660 
314 501 431 253 375 675 624 544 236 742 640 493 369 715 818 361 267 470 797 568 636 892 548 342 647 536 789 457 143 1037 510 293 670 597 499 500 326 628 297 251 629 350 560 202 515 677 662 881 239 754 411 749 480 252 315 423 690 252 89 85 316 434 731 824 749 825 297 676 724 113 833 770 493 936 324 130 63 684 709 624 47 0 290 194 584 355 162 58 587 355 459 294 486 508 188 458 354 1023 348 664 698 
514 502 655 459 635 387 375 379 154 728 546 319 350 679 634 536 76 646 810 478 731 852 358 351 553 657 559 372 409 937 668 271 530 780 637 629 256 448 574 394 751 323 677 307 693 858 871 849 438 943 577 901 590 448 71 134 487 371 277 364 519 495 535 775 527 767 292 399 680 303 820 713 397 887 204 354 254 416 803 701 244 290 0 464 373 479 159 247 709 245 700 238 262 674 356 619 533 925 405 841 539 
391 479 250 342 180 834 746 622 430 699 661 582 396 690 884 232 455 320 732 595 528 855 640 359 666 420 889 502 210 1034 370 352 718 432 375 383 400 705 111 204 504 388 444 230 359 510 480 841 135 579 279 596 381 144 501 590 776 227 270 110 172 384 810 798 845 805 344 821 704 279 782 753 536 903 425 260 210 820 595 529 230 194 464 0 685 276 355 252 464 440 268 374 604 362 167 322 223 1019 328 500 755 
869 390 769 809 810 307 104 98 527 515 279 106 326 449 263 620 448 698 613 250 656 586 53 360 285 636 206 234 726 605 690 335 205 812 643 625 286 95 789 512 705 318 645 456 736 873 926 591 589 958 636 869 576 590 424 302 114 481 614 624 641 462 163 511 164 493 348 230 438 645 590 450 219 607 264 690 525 196 711 611 541 584 373 685 0 528 515 568 675 245 831 311 111 705 522 660 623 595 424 852 192 
644 216 243 588 311 763 616 441 533 423 416 424 203 417 667 94 512 178 459 361 281 580 476 172 420 186 713 300 454 765 190 229 494 307 159 153 271 515 334 105 282 215 209 180 222 382 411 565 142 468 110 423 125 132 543 565 591 114 443 310 135 112 613 525 667 533 207 721 433 468 506 483 328 628 326 476 315 705 355 269 354 355 479 276 528 0 459 398 239 312 307 267 484 198 168 144 98 750 105 364 537 
357 549 582 301 535 541 530 502 78 789 641 444 398 750 771 490 111 602 859 569 735 928 491 383 649 645 711 456 256 1042 635 310 646 734 615 612 321 580 459 357 741 372 668 280 649 815 810 921 374 895 537 876 582 386 161 289 628 345 121 246 456 510 675 854 675 850 325 557 755 145 882 795 488 968 290 196 158 575 809 714 127 162 159 355 515 459 0 106 698 331 615 292 407 637 302 584 484 1029 417 800 664 
307 525 488 246 432 634 598 537 179 768 649 483 385 737 811 412 215 522 828 576 679 914 536 362 656 582 770 464 164 1050 560 302 671 651 546 546 329 619 354 292 676 363 605 231 568 731 718 905 291 809 461 801 523 304 264 381 677 289 52 143 370 468 720 845 732 843 311 641 744 85 859 788 498 957 316 123 84 653 752 664 45 58 247 252 568 398 106 0 633 351 517 297 464 559 231 508 405 1036 378 718 695 
853 286 281 802 404 950 774 578 771 342 467 582 385 376 734 234 748 158 323 445 77 482 623 369 467 52 825 444 666 704 105 444 569 169 90 87 475 631 474 342 43 407 32 419 148 206 284 462 352 287 185 199 119 339 776 781 704 352 676 529 292 226 710 456 781 474 422 893 397 698 392 441 456 531 534 700 551 868 132 109 590 587 709 464 675 239 698 633 0 508 333 481 663 122 402 144 242 689 306 185 615 
659 264 541 598 569 451 315 190 373 483 311 143 124 434 463 396 312 489 566 239 514 609 201 143 318 460 449 128 498 711 494 92 320 615 453 439 43 274 544 272 546 102 476 211 533 686 722 604 347 773 422 707 393 350 316 278 340 242 402 384 406 282 378 533 406 526 109 411 435 435 574 471 157 645 43 474 293 399 583 478 317 355 245 440 245 312 331 351 508 0 599 66 176 506 277 454 397 697 212 667 344 
624 508 65 587 104 1039 912 747 692 658 713 725 506 676 972 213 706 184 654 664 410 808 779 471 716 315 1019 607 465 1021 232 508 798 215 271 291 556 822 202 329 357 513 331 407 186 277 221 789 265 329 213 383 323 257 749 814 898 359 538 376 193 403 919 771 974 785 490 1008 695 547 721 744 635 857 602 525 460 998 456 436 488 459 700 268 831 307 615 517 333 599 0 542 775 213 347 218 209 1006 409 275 842 
603 267 486 542 507 500 377 254 344 501 354 209 113 459 526 345 293 444 578 281 496 637 267 114 361 431 515 168 437 755 455 38 376 574 417 406 32 339 479 213 521 86 449 146 489 648 677 630 285 734 375 678 363 289 308 301 406 184 349 319 349 260 443 563 472 558 60 466 463 381 594 503 202 676 60 417 232 458 567 465 259 294 238 374 311 267 292 297 481 66 542 0 236 464 213 411 344 741 176 629 403 
761 390 717 703 742 287 143 142 416 560 337 95 286 499 373 571 337 660 655 287 656 654 104 313 345 619 306 224 625 699 661 267 289 783 617 602 219 191 711 448 698 270 632 381 703 851 893 656 521 938 594 861 554 524 315 202 225 417 508 533 582 439 273 576 269 562 285 236 492 539 643 514 226 680 180 586 428 223 719 615 441 486 262 604 111 484 407 464 663 176 775 236 0 674 447 624 572 688 381 831 288 
752 336 160 704 283 957 799 612 713 450 536 605 389 473 803 148 702 41 441 500 198 597 652 363 538 105 875 471 570 813 20 426 631 110 69 90 467 676 357 283 152 405 119 369 34 185 221 577 269 270 99 242 135 256 736 763 752 303 597 441 195 245 765 563 830 579 405 910 494 616 508 541 491 646 523 611 482 890 250 223 519 508 674 362 705 198 637 559 122 506 213 464 674 0 335 55 154 798 294 167 677 
